-1.062487324464293439e-04
-1.055969368613797580e-04
-1.048840075087220181e-04
-9.969611440580697381e-05
-1.030413986664968873e-04
-1.037937209464466124e-04
-1.017565814461488438e-04
-1.143614488714115283e-04
-1.125044341151682029e-04
-1.136463520799716115e-04
-1.153584115726188295e-04
-1.113551635971429333e-04
-9.940508206627008119e-05
-1.149559077373136736e-04
-9.844348927130126847e-05
-1.177783550748612198e-04
-9.842987326692303671e-05
-1.165398807201428418e-04
-1.053265853947289081e-04
-9.526810166565286226e-05
-1.155101729176161087e-04
-1.172708883102989696e-04
-1.004341279891812186e-04
-9.981294022112408731e-05
-1.141731225781864853e-04
-1.192159274969649895e-04
-1.080942714628884354e-04
-9.451914435077434266e-05
-9.243525339084920185e-05
-1.026367416502684996e-04
-1.159336578239954875e-04
-1.229417566634606487e-04
-1.203203976635409310e-04
-1.110511029266553895e-04
-1.010735945304285768e-04
-9.533892363211256618e-05
-9.580589583015863809e-05
-1.015282415800326923e-04
-1.096968215217768362e-04
-1.172514644708178380e-04
-1.218131438406499291e-04
-1.223511418558288224e-04
-1.190033741638682225e-04
-1.127819875489750938e-04
-1.052165772022556133e-04
-9.782732705851065569e-05
-9.187295229912382534e-05
-8.816066681513733691e-05
-8.709239612355814840e-05
-8.854318407898634322e-05
-9.217443722280509568e-05
-9.737723091860650158e-05
-1.034681735436628991e-04
-1.097713091290655968e-04
-1.156992445221204384e-04
-1.207576765409598739e-04
-1.246580164085295489e-04
-1.271685011261379137e-04
-1.282243405188413930e-04
-1.279431687655215684e-04
-1.264069609319672398e-04
-1.238399933244369098e-04
-1.204870255806110075e-04
-1.165906167369948685e-04
-1.124038911362316886e-04
-1.081606243113579898e-04
-1.040855630028635987e-04
-1.003127874581306688e-04
-9.700180608875053328e-05
-9.425061555272436632e-05
-9.212711804562371209e-05
-9.067508553237451296e-05
-8.987847678343506184e-05
-8.972302640943995069e-05
-9.018016912016036106e-05
-9.118095033175844123e-05
-9.268026882641955356e-05
-9.456776684182422973e-05
-9.679755562432483084e-05
-9.930139049219064253e-05
-1.019866857027416262e-04
-1.047884378730531919e-04
-1.076326782783345421e-04
-1.104647919273206680e-04
-1.132124477306972841e-04
-1.158591817016231789e-04
-1.183598605891096145e-04
-1.206626690931142246e-04
-1.227277913745307045e-04
-1.245564431551202708e-04
-1.261303493136570067e-04
-1.274328649905428384e-04
-1.284611461575134353e-04
-1.292094325906863650e-04
-1.296993215011012874e-04
-1.299157869067470172e-04
-1.298656131332304707e-04
-1.295840247121954499e-04
-1.290775276763456907e-04
-1.283404764171634316e-04
-1.274089827765293435e-04
-1.262976915622936105e-04
-1.250225212446572965e-04
-1.235760075839214980e-04
-1.220148677680086554e-04
-1.203426050478388241e-04
-1.185679820374856917e-04
-1.167169328624846728e-04
-1.148008178323119892e-04
-1.128290309197478954e-04
-1.108275769253219700e-04
-1.087960625803639390e-04
-1.067819826895872619e-04
-1.047613331846645053e-04
-1.027474578362172318e-04
-1.007483878237079404e-04
-9.878723040017254762e-05
-9.688086288786014412e-05
-9.502504179106303407e-05
-9.320904826068717580e-05
-9.146307632046733586e-05
-8.979230916088116435e-05
-8.819964538371654836e-05
-8.666730900244777689e-05
-8.522244221414735830e-05
-8.384853874103787941e-05
-8.257060129536259905e-05
-8.137762704311184126e-05
-8.026248256453379516e-05
-7.926207097781309201e-05
-7.831895077900269311e-05
-7.747632627383794557e-05
-7.672426238693462767e-05
-7.605328619892780945e-05
-7.547329600677612496e-05
-7.498302221251726342e-05
-7.457381942557842229e-05
-7.422416706225392279e-05
-7.397139775244877574e-05
-7.380728943035296853e-05
-7.370047597037501373e-05
-7.367479176907274982e-05
-7.371832626961718690e-05
-7.382346266238695937e-05
-7.400353013140791817e-05
-7.424513460677225306e-05
-7.454840232114608905e-05
-7.491453546146998525e-05
-7.532184605552775332e-05
-7.580070167542543103e-05
-7.631186527209768715e-05
-7.688402037107496217e-05
-7.750032172354773209e-05
-7.815965552814907805e-05
-7.885354704142361949e-05
-7.959074299712895245e-05
-8.037119394890593327e-05
-8.117730530999012477e-05
-8.199884768758395541e-05
-8.288034984760100888e-05
-8.376570746940317823e-05
-8.469781483773633957e-05
-8.564330914130330178e-05
-8.659520946679982864e-05
-8.757103076867175516e-05
-8.857097947265295528e-05
-8.959112407465541971e-05
-9.060959794081768109e-05
-9.165213089734154585e-05
-9.269306639120752900e-05
-9.374172270767404272e-05
-9.481180492222580697e-05
-9.587931165510728770e-05
-9.695966500008466632e-05
-9.803157669328959559e-05
-9.911528345489890510e-05
-1.001956216010250729e-04
-1.012783015171890257e-04
-1.023448064923735567e-04
-1.034321269270839370e-04
-1.044905503381047428e-04
-1.055576174262604338e-04
-1.066325162713914465e-04
-1.076830152597578997e-04
-1.087477250995683273e-04
-1.097803990150171766e-04
-1.108142890822570742e-04
-1.118343784227075039e-04
-1.128680977229093587e-04
-1.138691049573190169e-04
-1.148613018916071145e-04
-1.158406648739778838e-04
-1.168179025274422702e-04
-1.177869199457820548e-04
-1.187411182517584087e-04
-1.196683888771553242e-04
-1.205864935769156539e-04
-1.215118240165874225e-04
-1.224140333292420056e-04
-1.232882085889599501e-04
-1.241636180840699792e-04
-1.250085708986186555e-04
-1.258669705368061994e-04
-1.266951109253528797e-04
-1.274923522042635212e-04
-1.282977791004508562e-04
-1.290751282722851887e-04
-1.298461776066684435e-04
-1.305990695078081609e-04
-1.313440116153812725e-04
-1.320532588203986841e-04
-1.327677901982867391e-04
-1.334510974619634199e-04
-1.341420494200882922e-04
-1.347966661119275945e-04
-1.354437745275323174e-04
-1.360702073949892200e-04
-1.366883821853169393e-04
-1.372865727086952734e-04
-1.378756327448632090e-04
-1.384464760842282966e-04
-1.390056036785750797e-04
-1.395436801841764814e-04
-1.400813455762329833e-04
-1.405843420877689407e-04
-1.410823388978881617e-04
-1.415644080588701159e-04
-1.420377697140772476e-04
-1.424927572661019068e-04
-1.429360661629821042e-04
-1.433615209861276369e-04
-1.437847726543992196e-04
-1.441819061958151175e-04
-1.445625143151841262e-04
-1.449317445575291007e-04
-1.452959291602210509e-04
-1.456362998356803586e-04
-1.459825491369689827e-04
-1.462983981206218383e-04
-1.466108709169795191e-04
-1.469091848354566181e-04
-1.471960000291478452e-04
-1.474656716595211308e-04
-1.477217637901901022e-04
-1.479773454372803796e-04
-1.482126103052647638e-04
-1.484436867887912580e-04
-1.486521809156484959e-04
-1.488516466506857182e-04
-1.490478047564364823e-04
-1.492270844874147174e-04
-1.494014476217662198e-04
-1.495607942221160503e-04
-1.497064564139662113e-04
-1.498579368850672870e-04
-1.499875700354950426e-04
-1.501148951372629711e-04
-1.502231437618658030e-04
-1.503205045698451179e-04
-1.504109455143160846e-04
-1.504954009672721633e-04
-1.505738867748850594e-04
-1.506436235575283125e-04
-1.507026711271027388e-04
-1.507470995494437601e-04
-1.507850791450877958e-04
-1.508150334425668567e-04
-1.508415492886643321e-04
-1.508557692367897495e-04
-1.508613536707746237e-04
-1.508687783485344349e-04
-1.508574521449549224e-04
-1.508518435126870766e-04
-1.508310275950839664e-04
-1.507889481201163059e-04
-1.507683394561478601e-04
-1.507238983669723521e-04
-1.506693064207978374e-04
-1.506206614699495520e-04
-1.505476149789138020e-04
-1.504895676611448852e-04
-1.504107280755574900e-04
-1.503292699025857041e-04
-1.502522306618270654e-04
-1.501515883424428045e-04
-1.500571390323292048e-04
-1.499571139619808172e-04
-1.498440291956325081e-04
-1.497289491053784233e-04
-1.496050857756603392e-04
-1.494877699667203060e-04
-1.493515271519173194e-04
-1.492183867899870631e-04
-1.490919631588430590e-04
-1.489337480064010057e-04
-1.487908940785572735e-04
-1.486370982219692883e-04
-1.484828027407530937e-04
-1.483219348661326186e-04
-1.481513603341098385e-04
-1.479864760774525685e-04
-1.478082676864800836e-04
-1.476303907712448653e-04
-1.474619933226385151e-04
-1.472632284322290136e-04
-1.470783760060989274e-04
-1.468861509724624125e-04
-1.466941640337623238e-04
-1.465044353875680314e-04
-1.462866848996293627e-04
-1.460842876659189371e-04
-1.458844228847157851e-04
-1.456704016403048696e-04
-1.454661817944676559e-04
-1.452320659353884913e-04
-1.450162303420871556e-04
-1.448003625107717766e-04
-1.445716297335971322e-04
-1.443515762926378518e-04
-1.441069738102681739e-04
-1.438801014854271970e-04
-1.436453256476218489e-04
-1.434121625918677464e-04
-1.431799232827133100e-04
-1.429274264771273175e-04
-1.426762393052532401e-04
-1.424462599519634766e-04
-1.421992304398585997e-04
-1.419545805262860221e-04
-1.416934208071478894e-04
-1.414345751001213215e-04
-1.411862815523655282e-04
-1.409321008505267671e-04
-1.406792999558758651e-04
-1.404162619918636204e-04
-1.401411298632346801e-04
-1.398849188162633393e-04
-1.396278307748858119e-04
-1.393641308636971057e-04
-1.390923010834887639e-04
-1.388107772537891429e-04
-1.385449862165136941e-04
-1.382803194763658646e-04
-1.380087140735418980e-04
-1.377317718282526366e-04
-1.374438096835803877e-04
-1.371836450613508288e-04
-1.369123393218567655e-04
-1.366287137815589445e-04
-1.363537389677487008e-04
-1.360593057841699368e-04
-1.357900505629732412e-04
-1.355091080965793152e-04
-1.352310427170535340e-04
-1.349432766992854989e-04
-1.346481432183884179e-04
-1.343754188531671296e-04
-1.340923958143210872e-04
-1.338145086441000682e-04
-1.335304595922839931e-04
-1.332258704472066358e-04
-1.329533388681625064e-04
-1.326665186003514170e-04
-1.323801556608454903e-04
-1.321038436623988177e-04
-1.317918988475576898e-04
-1.315160779774958042e-04
-1.312297325547204295e-04
-1.309402093793379134e-04
-1.306622560244635961e-04
-1.303557541372993690e-04
-1.300721832154731858e-04
-1.297820350173357364e-04
-1.294893349196297560e-04
-1.292131623752801166e-04
-1.289039511724899016e-04
-1.286189231310733941e-04
-1.283351542006248543e-04
-1.280380304512596199e-04
-1.277595679435501209e-04
-1.274505692101766138e-04
-1.271662999404439640e-04
-1.268808808274328882e-04
-1.265888298318963289e-04
-1.263151873999279859e-04
-1.260033478640383759e-04
-1.257174311632426036e-04
-1.254320766670917573e-04
-1.251378502156566313e-04
-1.248614481872971263e-04
-1.245602661056609576e-04
-1.242607691386739537e-04
-1.239761258312634389e-04
-1.236938120613240784e-04
-1.234190485148079126e-04
-1.231163210207010072e-04
-1.228218002328217205e-04
-1.225438382340493060e-04
-1.222491117626206981e-04
-1.219797993597535523e-04
-1.219797993597535523e-04
-7.726066344500700990e-05
-5.409749313724472391e-05
-4.139740008810948975e-05
-3.363450676137389546e-05
-2.843078212530735695e-05
-2.459320994796908113e-05
-2.182022336384082170e-05
-1.983699969002169285e-05
-1.746621384144639004e-05
-1.606591428954524977e-05
-1.545397118695194058e-05
-1.412333151212433333e-05
-1.340804371014172020e-05
-1.337832654998136046e-05
-1.235727724524908420e-05
-1.224442630018959322e-05
-1.187841912168034689e-05
-1.162051476683607271e-05
-1.185755370398151305e-05
-1.089759509427622237e-05
-1.105679831745763527e-05
-1.114360704433244270e-05
-1.082458069492931134e-05
-1.057906965271639812e-05
-1.110617571231877964e-05
-1.040053690445187411e-05
-1.046787951898005926e-05
-1.091945532714074433e-05
-1.079367005092981187e-05
-9.438475095744246668e-06
-9.231398982234962860e-06
-8.429609999649240694e-06
-8.328894900364509324e-06
-9.020800098872699133e-06
-8.351709854966997773e-06
-7.745195045923388417e-06
-7.662033217836186879e-06
-9.652621520334471130e-06
-7.181153989360209889e-06
-7.273267177032599058e-06
-7.897107312272617986e-06
-8.076787603006641093e-06
-8.345281287010945304e-06
-8.823439896251783054e-06
-8.597472193060061080e-06
-9.016922874943602943e-06
-9.643592555062923194e-06
-9.063036969397550725e-06
-8.717543455652243057e-06
-9.018930210704320874e-06
-9.095482608186898673e-06
-8.597559890609820992e-06
-1.030033770768987611e-05
-8.005880341303751546e-06
-1.031836127428817679e-05
-8.273752407006331708e-06
-9.817637855855332625e-06
-9.132333319449889751e-06
-1.019717269152604611e-05
-8.864280823952794735e-06
-8.098757436856375341e-06
-8.305715395419764111e-06
-8.530456640267106066e-06
-8.471686725565626312e-06
-8.572349320429589108e-06
-8.527975663303108880e-06
-8.417394893183014257e-06
-8.865009424469180998e-06
-1.011078135591395539e-05
-9.151957551147879742e-06
-1.001794164513802955e-05
-7.553799836511419261e-06
-7.156348428477936127e-06
-7.161294357791392320e-06
-7.012742995777630462e-06
-1.028643372334309147e-05
-6.850653204170730905e-06
-6.829189989001125477e-06
-6.866632051842630858e-06
-7.004418686625272556e-06
-6.899221206681885241e-06
-7.052069877225383285e-06
-7.055591869622536911e-06
-7.166145135928314041e-06
-7.322015355158732552e-06
-7.557067406432584556e-06
-7.606581300439757987e-06
-7.723514510958264626e-06
-8.038105199062409466e-06
-7.970018069076691353e-06
-8.299409852063411699e-06
-8.341847724305425911e-06
-8.562227471522924438e-06
-9.299769279463657721e-06
-8.810451899713735236e-06
-9.312610614974547999e-06
-8.886011216101614470e-06
-9.518815607106916521e-06
-1.016051391159130578e-05
