1.000000000000000021e-03
1.248120300751879696e-03
1.496240601503759371e-03
1.744360902255639263e-03
1.992481203007518721e-03
2.240601503759398830e-03
2.488721804511278505e-03
2.736842105263158180e-03
2.984962406015037855e-03
3.233082706766917530e-03
3.481203007518797205e-03
3.729323308270676880e-03
3.977443609022556989e-03
4.225563909774436230e-03
4.473684210526316339e-03
4.721804511278196448e-03
4.969924812030075689e-03
5.218045112781955798e-03
5.466165413533835039e-03
5.714285714285715148e-03
5.962406015037594390e-03
6.210526315789474498e-03
6.458646616541353740e-03
6.706766917293233848e-03
6.954887218045113957e-03
7.203007518796993199e-03
7.451127819548873307e-03
7.699248120300752549e-03
7.947368421052633525e-03
8.195488721804512766e-03
8.443609022556392008e-03
8.691729323308271249e-03
8.939849624060150490e-03
9.187969924812029732e-03
9.436090225563912443e-03
9.684210526315791684e-03
9.932330827067670925e-03
1.018045112781955017e-02
1.042857142857142941e-02
1.067669172932330865e-02
1.092481203007518789e-02
1.117293233082707060e-02
1.142105263157894984e-02
1.166917293233082908e-02
1.191729323308270833e-02
1.216541353383458757e-02
1.241353383458646681e-02
1.266165413533834605e-02
1.290977443609022876e-02
1.315789473684210800e-02
1.340601503759398724e-02
1.365413533834586648e-02
1.390225563909774573e-02
1.415037593984962497e-02
1.439849624060150421e-02
1.464661654135338345e-02
1.489473684210526616e-02
1.514285714285714540e-02
1.539097744360902464e-02
1.563909774436090389e-02
1.588721804511278313e-02
1.613533834586466237e-02
1.638345864661654161e-02
1.663157894736842432e-02
1.687969924812030356e-02
1.712781954887218280e-02
1.737593984962406204e-02
1.762406015037594129e-02
1.787218045112782400e-02
1.812030075187970324e-02
1.836842105263158248e-02
1.861654135338346172e-02
1.886466165413534096e-02
1.911278195488722020e-02
1.936090225563909945e-02
1.960902255639098216e-02
1.985714285714286140e-02
2.010526315789474064e-02
2.035338345864661988e-02
2.060150375939849912e-02
2.084962406015037836e-02
2.109774436090225760e-02
2.134586466165414032e-02
2.159398496240601956e-02
2.184210526315789880e-02
2.209022556390977804e-02
2.233834586466165728e-02
2.258646616541353652e-02
2.283458646616541576e-02
2.308270676691729847e-02
2.333082706766917772e-02
2.357894736842105696e-02
2.382706766917293620e-02
2.407518796992481544e-02
2.432330827067669468e-02
2.457142857142857392e-02
2.481954887218045663e-02
2.506766917293233587e-02
2.531578947368421512e-02
2.556390977443609436e-02
2.581203007518797360e-02
2.606015037593985284e-02
2.630827067669173208e-02
2.655639097744361132e-02
2.680451127819549403e-02
2.705263157894737328e-02
2.730075187969925252e-02
2.754887218045113176e-02
2.779699248120301100e-02
2.804511278195489024e-02
2.829323308270676948e-02
2.854135338345865219e-02
2.878947368421053143e-02
2.903759398496241068e-02
2.928571428571428992e-02
2.953383458646616916e-02
2.978195488721804840e-02
3.003007518796992764e-02
3.027819548872181035e-02
3.052631578947368959e-02
3.077443609022556884e-02
3.102255639097744808e-02
3.127067669172932385e-02
3.151879699248120309e-02
3.176691729323308233e-02
3.201503759398496851e-02
3.226315789473684775e-02
3.251127819548872699e-02
3.275939849624060624e-02
3.300751879699248548e-02
3.325563909774436472e-02
3.350375939849624396e-02
3.375187969924812320e-02
3.400000000000000244e-02
3.424812030075188168e-02
3.449624060150376093e-02
3.474436090225564711e-02
3.499248120300752635e-02
3.524060150375940559e-02
3.548872180451128483e-02
3.573684210526316407e-02
3.598496240601504331e-02
3.623308270676692255e-02
3.648120300751880180e-02
3.672932330827068104e-02
3.697744360902256028e-02
3.722556390977443952e-02
3.747368421052631876e-02
3.772180451127819800e-02
3.796992481203007724e-02
3.821804511278196342e-02
3.846616541353384267e-02
3.871428571428572191e-02
3.896240601503760115e-02
3.921052631578948039e-02
3.945864661654135963e-02
3.970676691729323887e-02
3.995488721804511811e-02
4.020300751879699735e-02
4.045112781954887660e-02
4.069924812030075584e-02
4.094736842105263508e-02
4.119548872180451432e-02
4.144360902255639356e-02
4.169172932330827974e-02
4.193984962406015898e-02
4.218796992481203822e-02
4.243609022556391747e-02
4.268421052631579671e-02
4.293233082706767595e-02
4.318045112781955519e-02
4.342857142857143443e-02
4.367669172932331367e-02
4.392481203007519291e-02
4.417293233082707216e-02
4.442105263157895140e-02
4.466917293233083064e-02
4.491729323308270988e-02
4.516541353383459606e-02
4.541353383458647530e-02
4.566165413533835454e-02
4.590977443609023378e-02
4.615789473684211303e-02
4.640601503759399227e-02
4.665413533834587151e-02
4.690225563909775075e-02
4.715037593984962999e-02
4.739849624060150923e-02
4.764661654135338847e-02
4.789473684210526772e-02
4.814285714285714696e-02
4.839097744360902620e-02
4.863909774436091238e-02
4.888721804511279162e-02
4.913533834586467086e-02
4.938345864661655010e-02
4.963157894736842934e-02
4.987969924812030859e-02
5.012781954887218783e-02
5.037593984962406707e-02
5.062406015037594631e-02
5.087218045112782555e-02
5.112030075187970479e-02
5.136842105263158403e-02
5.161654135338346328e-02
5.186466165413534252e-02
5.211278195488722176e-02
5.236090225563910794e-02
5.260902255639098718e-02
5.285714285714286642e-02
5.310526315789474566e-02
5.335338345864662490e-02
5.360150375939850415e-02
5.384962406015038339e-02
5.409774436090226263e-02
5.434586466165414187e-02
5.459398496240602111e-02
5.484210526315790035e-02
5.509022556390977959e-02
5.533834586466165884e-02
5.558646616541353808e-02
5.583458646616542426e-02
5.608270676691730350e-02
5.633082706766918274e-02
5.657894736842106198e-02
5.682706766917294122e-02
5.707518796992482046e-02
5.732330827067669970e-02
5.757142857142857895e-02
5.781954887218045819e-02
5.806766917293233743e-02
5.831578947368421667e-02
5.856390977443609591e-02
5.881203007518797515e-02
5.906015037593985439e-02
5.930827067669174057e-02
5.955639097744361982e-02
5.980451127819549906e-02
6.005263157894737830e-02
6.030075187969925754e-02
6.054887218045113678e-02
6.079699248120301602e-02
6.104511278195489526e-02
6.129323308270677451e-02
6.154135338345865375e-02
6.178947368421053299e-02
6.203759398496241223e-02
6.228571428571429147e-02
6.253383458646616377e-02
6.278195488721804995e-02
6.303007518796993613e-02
6.327819548872180844e-02
6.352631578947369462e-02
6.377443609022556692e-02
6.402255639097745310e-02
6.427067669172932540e-02
6.451879699248121158e-02
6.476691729323309776e-02
6.501503759398497007e-02
6.526315789473685625e-02
6.551127819548872855e-02
6.575939849624061473e-02
6.600751879699248703e-02
6.625563909774437321e-02
6.650375939849624551e-02
6.675187969924813169e-02
6.700000000000000400e-02
6.724812030075189018e-02
6.749624060150376248e-02
6.774436090225564866e-02
6.799248120300752096e-02
6.824060150375940714e-02
6.848872180451129332e-02
6.873684210526316563e-02
6.898496240601505181e-02
6.923308270676692411e-02
6.948120300751881029e-02
6.972932330827068259e-02
6.997744360902256877e-02
7.022556390977444107e-02
7.047368421052632725e-02
7.072180451127819956e-02
7.096992481203008574e-02
7.121804511278195804e-02
7.146616541353384422e-02
7.171428571428573040e-02
7.196240601503760270e-02
7.221052631578948888e-02
7.245864661654136119e-02
7.270676691729324737e-02
7.295488721804511967e-02
7.320300751879700585e-02
7.345112781954887815e-02
7.369924812030076433e-02
7.394736842105263663e-02
7.419548872180452281e-02
7.444360902255639512e-02
7.469172932330828130e-02
7.493984962406015360e-02
7.518796992481203978e-02
7.543609022556392596e-02
7.568421052631579826e-02
7.593233082706768444e-02
7.618045112781955674e-02
7.642857142857144293e-02
7.667669172932331523e-02
7.692481203007520141e-02
7.717293233082707371e-02
7.742105263157895989e-02
7.766917293233083219e-02
7.791729323308271837e-02
7.816541353383459068e-02
7.841353383458647686e-02
7.866165413533836304e-02
7.890977443609023534e-02
7.915789473684212152e-02
7.940601503759399382e-02
7.965413533834588000e-02
7.990225563909775230e-02
8.015037593984963848e-02
8.039849624060151079e-02
8.064661654135339697e-02
8.089473684210526927e-02
8.114285714285715545e-02
8.139097744360902775e-02
8.163909774436091393e-02
8.188721804511278624e-02
8.213533834586467242e-02
8.238345864661655860e-02
8.263157894736843090e-02
8.287969924812031708e-02
8.312781954887218938e-02
8.337593984962407556e-02
8.362406015037594786e-02
8.387218045112783404e-02
8.412030075187970635e-02
8.436842105263159253e-02
8.461654135338346483e-02
8.486466165413535101e-02
8.511278195488722331e-02
8.536090225563910949e-02
8.560902255639098180e-02
8.585714285714286798e-02
8.610526315789475416e-02
8.635338345864662646e-02
8.660150375939851264e-02
8.684962406015038494e-02
8.709774436090227112e-02
8.734586466165414342e-02
8.759398496240602960e-02
8.784210526315790191e-02
8.809022556390978809e-02
8.833834586466166039e-02
8.858646616541354657e-02
8.883458646616541887e-02
8.908270676691730505e-02
8.933082706766919123e-02
8.957894736842106354e-02
8.982706766917294972e-02
9.007518796992482202e-02
9.032330827067670820e-02
9.057142857142858050e-02
9.081954887218046668e-02
9.106766917293233898e-02
9.131578947368422516e-02
9.156390977443609747e-02
9.181203007518798365e-02
9.206015037593985595e-02
9.230827067669174213e-02
9.255639097744361443e-02
9.280451127819550061e-02
9.305263157894738679e-02
9.330075187969925909e-02
9.354887218045114528e-02
9.379699248120301758e-02
9.404511278195490376e-02
9.429323308270677606e-02
9.454135338345866224e-02
9.478947368421053454e-02
9.503759398496242072e-02
9.528571428571429303e-02
9.553383458646617921e-02
9.578195488721805151e-02
9.603007518796993769e-02
9.627819548872182387e-02
9.652631578947369617e-02
9.677443609022558235e-02
9.702255639097745465e-02
9.727067669172934083e-02
9.751879699248121314e-02
9.776691729323309932e-02
9.801503759398497162e-02
9.826315789473685780e-02
9.851127819548873010e-02
9.875939849624061628e-02
9.900751879699248859e-02
9.925563909774437477e-02
9.950375939849624707e-02
9.975187969924813325e-02
1.000000000000000056e-01
1.000000000000000056e-01
1.494949494949495139e-01
1.989898989898989945e-01
2.484848484848485028e-01
2.979797979797980112e-01
3.474747474747474918e-01
3.969696969696969724e-01
4.464646464646465640e-01
4.959595959595960446e-01
5.454545454545455252e-01
5.949494949494950058e-01
6.444444444444444864e-01
6.939393939393939670e-01
7.434343434343434476e-01
7.929292929292930392e-01
8.424242424242425198e-01
8.919191919191920004e-01
9.414141414141414810e-01
9.909090909090909616e-01
1.040404040404040664e+00
1.089898989898990145e+00
1.139393939393939625e+00
1.188888888888889106e+00
1.238383838383838587e+00
1.287878787878788067e+00
1.337373737373737548e+00
1.386868686868687028e+00
1.436363636363636731e+00
1.485858585858586212e+00
1.535353535353535692e+00
1.584848484848485173e+00
1.634343434343434653e+00
1.683838383838384134e+00
1.733333333333333615e+00
1.782828282828283095e+00
1.832323232323232576e+00
1.881818181818182056e+00
1.931313131313131537e+00
1.980808080808081240e+00
2.030303030303030720e+00
2.079797979797980201e+00
2.129292929292929681e+00
2.178787878787879162e+00
2.228282828282828643e+00
2.277777777777778123e+00
2.327272727272727604e+00
2.376767676767677084e+00
2.426262626262626565e+00
2.475757575757576046e+00
2.525252525252525526e+00
2.574747474747475007e+00
2.624242424242424487e+00
2.673737373737373968e+00
2.723232323232323449e+00
2.772727272727273373e+00
2.822222222222222854e+00
2.871717171717172334e+00
2.921212121212121815e+00
2.970707070707071296e+00
3.020202020202020776e+00
3.069696969696970257e+00
3.119191919191919737e+00
3.168686868686869218e+00
3.218181818181818699e+00
3.267676767676768179e+00
3.317171717171717660e+00
3.366666666666667140e+00
3.416161616161616621e+00
3.465656565656566102e+00
3.515151515151515582e+00
3.564646464646465063e+00
3.614141414141414543e+00
3.663636363636364024e+00
3.713131313131313505e+00
3.762626262626262985e+00
3.812121212121212910e+00
3.861616161616162390e+00
3.911111111111111871e+00
3.960606060606061352e+00
4.010101010101010388e+00
4.059595959595959869e+00
4.109090909090909349e+00
4.158585858585858830e+00
4.208080808080808310e+00
4.257575757575757791e+00
4.307070707070707272e+00
4.356565656565656752e+00
4.406060606060606233e+00
4.455555555555555713e+00
4.505050505050505194e+00
4.554545454545454675e+00
4.604040404040404155e+00
4.653535353535353636e+00
4.703030303030303116e+00
4.752525252525252597e+00
4.802020202020202078e+00
4.851515151515151558e+00
4.901010101010101039e+00
4.950505050505050519e+00
5.000000000000000000e+00
