1.264585826895764820e+00
8.414488150752530427e-01
6.261523073507693216e-01
4.940766746883428207e-01
4.041317516649515773e-01
3.387051397839972444e-01
2.884716538436472577e-01
2.499134633804126482e-01
2.200279096070453244e-01
1.915237363252453862e-01
1.711185701757911293e-01
1.570605145250277279e-01
1.408615230524194184e-01
1.292038058298948244e-01
1.219346152012868306e-01
1.109289958156236405e-01
1.048371141271239038e-01
9.825405507308691833e-02
9.268098540553192100e-02
8.948272261124898264e-02
8.209295349216272353e-02
7.929568005356053828e-02
7.647174919566578077e-02
7.249443385946960361e-02
6.902990572198297592e-02
6.823821041502418916e-02
6.374677782122006864e-02
6.182415647905385031e-02
6.112993688480165833e-02
5.888419648382675620e-02
5.335526606099111335e-02
5.120695518561409892e-02
4.750520544315799815e-02
4.589633826462723859e-02
4.648303503197902947e-02
4.355412598131652713e-02
4.084711014903041199e-02
3.960224402154325501e-02
4.341129224658825392e-02
3.649722634481303296e-02
3.586575199134173914e-02
3.652980147162905589e-02
3.611051617912368339e-02
3.590022276311212457e-02
3.616438646655204675e-02
3.491081182958703094e-02
3.503558909800150167e-02
3.553833756599966698e-02
3.374238371711860141e-02
3.245151530326217254e-02
3.237454314327675026e-02
3.190689399434412654e-02
3.044720578322440002e-02
3.277325603001476906e-02
2.835197080628943864e-02
3.165395238976193709e-02
2.783534001348367953e-02
2.983819165736106144e-02
2.830092258248106604e-02
2.943166862367516817e-02
2.698169231048341832e-02
2.537183945082388190e-02
2.529235842506413062e-02
2.525024695662869342e-02
2.477505822877423131e-02
2.456203619356748385e-02
2.413879350450381239e-02
2.362982754812275460e-02
2.390253642199137440e-02
2.521019718854052710e-02
2.361441329581990059e-02
2.438194889743869678e-02
2.086795906261787459e-02
2.004083694039192690e-02
1.977890529932606681e-02
1.931855786472696374e-02
2.315958653792740338e-02
1.860613731944034399e-02
1.834485066451361709e-02
1.816712986645980035e-02
1.812444430283192617e-02
1.777750650311657118e-02
1.775500341093582193e-02
1.755037628933741461e-02
1.748289392404523204e-02
1.746914779143834279e-02
1.754464709474191572e-02
1.740771169104105009e-02
1.734820241772912219e-02
1.750376186792009306e-02
1.724522252968219496e-02
1.740828831866111578e-02
1.727018539783505696e-02
1.731408128458326173e-02
1.786361693070127529e-02
1.721118132201987505e-02
1.751130154322557558e-02
1.695598081221954059e-02
1.738119555460898233e-02
1.777740294152539355e-02
