1.000000497886043699e-01
1.494950559669021573e-01
1.989900047790252313e-01
2.484849439963639772e-01
2.979798801886668902e-01
3.474748171094753091e-01
3.969697609850639797e-01
4.464647050143865092e-01
4.959596501572116622e-01
5.454545944465474250e-01
5.949495399826878472e-01
6.444444880821467159e-01
6.939394348139548141e-01
7.434343823507866267e-01
7.929293273927193741e-01
8.424242774738757156e-01
8.919192257617899466e-01
9.414141743389388139e-01
9.909091221293828688e-01
1.040404069406355880e+00
1.089899020310116429e+00
1.139393968422893977e+00
1.188888917540860790e+00
1.238383865166470033e+00
1.287878815187239345e+00
1.337373763630037571e+00
1.386868713325788427e+00
1.436363662119881424e+00
1.485858611606076352e+00
1.535353559401545720e+00
1.584848510836926794e+00
1.634343460249757074e+00
1.683838409464449404e+00
1.733333359765921511e+00
1.782828308773579007e+00
1.832323258999881910e+00
1.881818206866750831e+00
1.931313157110787770e+00
1.980808108167993353e+00
2.030303055477406193e+00
2.079798006740223748e+00
2.129292956130325098e+00
2.178787904189282809e+00
2.228282850949571792e+00
2.277777797620489153e+00
2.327272754165150559e+00
2.376767702764121193e+00
2.426262649163800411e+00
2.475757600661375957e+00
2.525252548544325126e+00
2.574747499196345935e+00
2.624242450431262696e+00
2.673737401540232206e+00
2.723232349087302495e+00
2.772727294048196178e+00
2.822222251115609204e+00
2.871717197914102293e+00
2.921212144043154435e+00
2.970707095006339227e+00
3.020202041753401456e+00
3.069696999100658630e+00
3.119191942050495214e+00
3.168686895874218923e+00
3.218181842918878210e+00
3.267676795853060145e+00
3.317171743039889709e+00
3.366666695833567591e+00
3.416161644015691223e+00
3.465656592741388042e+00
3.515151498387035556e+00
3.564646475346597398e+00
3.614141440339690536e+00
3.663636393307769801e+00
3.713131344181401339e+00
3.762626293576930792e+00
3.812121243330103937e+00
3.861616129033091038e+00
3.911111144382041438e+00
3.960606091700104692e+00
4.010101040899217040e+00
4.059595993669083747e+00
4.109090943739806434e+00
4.158585890850190481e+00
4.208080837017736719e+00
4.257575789005553446e+00
4.307070741687898163e+00
4.356565689761293214e+00
4.406060634102289875e+00
4.455555583474333226e+00
4.505050537248227904e+00
4.554545487145785998e+00
4.604040432915706305e+00
4.653535380049818926e+00
4.703030334146758307e+00
4.752525286676041461e+00
4.802020235587946217e+00
4.851515183266355891e+00
4.901010138241383984e+00
4.950505088376226936e+00
5.000000037211536963e+00
